
______________________________ 
* RESULTADOS DA RETA CRESCENTE:

lista_x = [251.1, 230.0, 210.1, 190.1, 170.0, 150.1, 130.3, 110.7, 90.1, 70.0, 50.3, 40.2, 30.01, 25.04, 20.0, 15.1]

lista_y = [6.1, 5.5, 4.51, 4.46, 3.96, 3.42, 2.96, 2.45, 1.94, 1.46, 0.97, 0.71, 0.45, 0.32, 0.2, 0.09]

somatorio_x = 1783.1499999999999

somatorio_y = 39.500000000000014

somatorio_x_quadrado= 296213.57170000003

somatorio_xy = 6816.755300000001

N = 16

∆ = 1559793.224700001

______________________________
Reta: y = ax + b
a = 0.024768449553581373
b = -0.2916163013417882

incerteza_a = 0.0032027753443002313
incerteza_b = 0.43578167279829294
0.09

______________________________ 
* RESULTADOS DA RETA DECRESCENTE:

lista_x = [7.88, 4.98, -5.0, -15.1, -25.15, -35.09, -50.02, -70.0, -90.08, -110.8, -130.1, -150.5, -170.0, -190.2, -210.8, -230.8, -250.4]

lista_y = [0.09860921319, 0.1761709034, 0.415428646, 0.6604451632, 0.9044435083, 1.164955008, 1.527928236, 2.02056021, 2.535599821, 3.024574669, 3.47424585, 4.032193029, 4.469693245, 5.015994753, 5.497458113, 5.737028936, 6.39303415]

somatorio_x = -1721.18

somatorio_y = 47.14836345409

somatorio_x_quadrado= 295054.5222

somatorio_xy = -7711.9370986548165

N = 17

∆ = 2053466.2849999992

______________________________
Reta: y = ax + b
a = -0.024325751453582428
b = 0.3105509745419416

incerteza_a = 0.0028772703628792877
incerteza_b = 0.3790594684626928
